1 6.01e-07
2 5.96e-07
3 5.58e-07
4 5.98e-07
5 6.06e-07
6 6.01e-07
7 6.1e-07
8 6.43e-07
9 6.41e-07
10 6.86e-07
20 7.84e-07
30 9.24e-07
40 1.187e-06
50 1.21e-06
60 1.382e-06
70 1.49e-06
80 1.632e-06
90 1.761e-06
100 1.898e-06
200 3.3e-06
300 4.647e-06
400 6.089e-06
500 7.46e-06
600 8.84e-06
700 1.019e-05
800 1.1599e-05
900 1.2945e-05
1000 1.435e-05
2000 2.8167e-05
3000 4.2031e-05
4000 5.5818e-05
5000 6.9656e-05
6000 8.3446e-05
7000 9.7328e-05
8000 0.000123003
9000 0.000125062
10000 0.000138702
20000 0.00027676
30000 0.000414917
40000 0.000557381
50000 0.000696254
60000 0.000833483
70000 0.000976898
80000 0.00111369
90000 0.00125231
100000 0.00138909
200000 0.0027763
300000 0.00415802
400000 0.00554569
500000 0.00692596
600000 0.00831427
700000 0.0096996
800000 0.0110934
900000 0.0124652
1000000 0.0138516
2000000 0.0276911
3000000 0.0415272
4000000 0.0553751
5000000 0.0691969
6000000 0.0830665
7000000 0.0968845
8000000 0.11071
9000000 0.124555
10000000 0.138382
20000000 0.276744
30000000 0.415123
40000000 0.553488
50000000 0.691864
60000000 0.830293
70000000 0.968625
80000000 1.10694
90000000 1.24534
100000000 1.3837
