1 6.01e-07
2 6.97e-07
3 7.1e-07
4 7.89e-07
5 8.27e-07
6 9.19e-07
7 9.65e-07
8 1.01e-06
9 1.128e-06
10 1.131e-06
20 1.717e-06
30 2.382e-06
40 2.982e-06
50 3.6e-06
60 4.27e-06
70 4.873e-06
80 5.429e-06
90 6.082e-06
100 6.682e-06
200 1.2858e-05
300 1.9031e-05
400 2.5179e-05
500 3.1439e-05
600 3.7538e-05
700 4.3735e-05
800 4.9903e-05
900 5.6087e-05
1000 6.2252e-05
2000 0.00012403
3000 0.000185769
4000 0.000253659
5000 0.000309339
6000 0.000375068
7000 0.000444155
8000 0.000494646
9000 0.000556248
10000 0.000622613
20000 0.00124219
30000 0.0018646
40000 0.00248106
50000 0.00309378
60000 0.00371591
70000 0.00433459
80000 0.00495435
90000 0.00557272
100000 0.00619159
200000 0.0123814
300000 0.0185612
400000 0.0247355
500000 0.0309173
600000 0.0370943
700000 0.0432826
800000 0.0494608
900000 0.0556314
1000000 0.0618121
2000000 0.12363
3000000 0.185452
4000000 0.247256
5000000 0.309077
6000000 0.370864
7000000 0.432722
8000000 0.494496
9000000 0.556344
10000000 0.618111
20000000 1.23618
30000000 1.85435
40000000 2.47259
50000000 3.09034
60000000 3.7087
70000000 4.32699
80000000 4.94549
90000000 5.5634
100000000 6.18147
