1 1.089e-06
2 1.609e-06
3 2.118e-06
4 2.694e-06
5 3.113e-06
6 3.749e-06
7 4.4e-06
8 4.901e-06
9 5.469e-06
10 5.837e-06
20 1.13e-05
30 1.6641e-05
40 2.2067e-05
50 2.7488e-05
60 3.2849e-05
70 3.8242e-05
80 4.3695e-05
90 4.9092e-05
100 5.9513e-05
200 0.000108564
300 0.000162645
400 0.000216725
500 0.000270738
600 0.000324752
700 0.00037878
800 0.000432816
900 0.000486845
1000 0.000544869
2000 0.0010866
3000 0.00162798
4000 0.00216866
5000 0.00271566
6000 0.00325746
7000 0.00379655
8000 0.00433524
9000 0.00487821
10000 0.00542453
20000 0.0108393
30000 0.0162536
40000 0.0216669
50000 0.027081
60000 0.0324932
70000 0.0379104
80000 0.0433193
90000 0.0487371
100000 0.0541491
200000 0.108283
300000 0.162426
400000 0.216587
500000 0.270711
600000 0.324842
700000 0.379035
800000 0.433111
900000 0.48728
1000000 0.5414
2000000 1.08277
3000000 1.62424
4000000 2.16565
5000000 2.70704
6000000 3.24847
7000000 3.78975
8000000 4.33127
9000000 4.87281
10000000 5.41402
20000000 10.8282
30000000 16.242
40000000 21.6561
50000000 27.0702
60000000 32.4831
70000000 37.8966
80000000 43.3092
90000000 48.7222
100000000 54.1375
