1 5.883e-06
2 1.1201e-05
3 1.6501e-05
4 2.1829e-05
5 2.6279e-05
6 3.2488e-05
7 3.7799e-05
8 4.3113e-05
9 4.8401e-05
10 5.2927e-05
20 0.000106252
30 0.000159422
40 0.00021263
50 0.000266029
60 0.000319181
70 0.000372475
80 0.000425727
90 0.000478974
100 0.000536175
200 0.00107561
300 0.00160932
400 0.00213422
500 0.0026718
600 0.00320896
700 0.00373937
800 0.00427567
900 0.00480885
1000 0.00533812
2000 0.0106791
3000 0.0160154
4000 0.021354
5000 0.0266911
6000 0.0320176
7000 0.0373556
8000 0.0427022
9000 0.048023
10000 0.0533659
20000 0.106718
30000 0.160074
40000 0.213406
50000 0.266755
60000 0.320154
70000 0.373469
80000 0.426791
90000 0.480191
100000 0.533539
200000 1.06699
300000 1.6006
400000 2.13396
500000 2.66738
600000 3.20087
700000 3.73417
800000 4.26756
900000 4.80105
1000000 5.33442
2000000 10.6694
3000000 16.0038
4000000 21.3373
5000000 26.6718
6000000 32.0063
7000000 37.3416
8000000 42.6806
9000000 48.0125
10000000 53.3497
20000000 106.701
30000000 160.044
40000000 213.397
50000000 266.755
60000000 320.112
70000000 361.418
80000000 402.935
90000000 453.302
100000000 503.665
